512
-4.1151 15.1586 -44.7084 0.0000 0.0000 0.0000
-4.7479 15.5582 -44.5830 0.0000 0.0000 0.0000
-4.5967 15.8378 -44.5626 0.0000 0.0000 0.0000
-4.2130 15.3627 -44.7653 0.0000 0.0000 0.0000
-4.2731 15.5012 -44.7879 0.0000 0.0000 0.0000
-4.6000 15.5621 -44.1382 0.0000 0.0000 0.0000
-4.1685 15.5993 -44.6306 0.0000 0.0000 0.0000
-4.4153 15.7369 -44.1830 0.0000 0.0000 0.0000
-4.2937 15.2097 -43.2081 0.0000 0.0000 0.0000
-4.5836 15.4811 -43.2734 0.0000 0.0000 0.0000
-4.8208 15.3989 -43.3083 0.0000 0.0000 0.0000
-4.6102 15.6728 -43.8629 0.0000 0.0000 0.0000
-4.8457 15.6252 -43.5193 0.0000 0.0000 0.0000
-4.6189 15.5782 -43.1457 0.0000 0.0000 0.0000
-4.4513 15.3834 -43.7067 0.0000 0.0000 0.0000
-4.8961 15.8876 -43.6995 0.0000 0.0000 0.0000
-4.5327 15.2766 -42.5409 0.0000 0.0000 0.0000
-4.4907 15.7498 -42.6180 0.0000 0.0000 0.0000
-4.6324 15.6637 -42.8919 0.0000 0.0000 0.0000
-4.5285 15.4244 -42.4581 0.0000 0.0000 0.0000
-4.2729 15.7934 -42.8529 0.0000 0.0000 0.0000
-4.1005 15.8346 -42.5029 0.0000 0.0000 0.0000
-4.1761 15.4682 -42.3517 0.0000 0.0000 0.0000
-4.2232 15.8732 -42.6433 0.0000 0.0000 0.0000
-4.4703 15.1672 -41.7281 0.0000 0.0000 0.0000
-4.6318 15.5875 -41.3344 0.0000 0.0000 0.0000
-4.5530 15.3537 -41.4506 0.0000 0.0000 0.0000
-4.3089 15.4627 -41.5224 0.0000 0.0000 0.0000
-4.3910 15.4402 -41.6396 0.0000 0.0000 0.0000
-4.1522 15.2296 -41.8089 0.0000 0.0000 0.0000
-4.2774 15.7764 -41.7604 0.0000 0.0000 0.0000
-4.2653 15.5078 -41.6925 0.0000 0.0000 0.0000
-4.3964 16.6403 -44.4323 0.0000 0.0000 0.0000
-4.4260 16.8062 -44.4980 0.0000 0.0000 0.0000
-4.7992 16.2947 -44.5158 0.0000 0.0000 0.0000
-4.5899 16.3214 -44.8759 0.0000 0.0000 0.0000
-4.6960 16.6796 -44.7986 0.0000 0.0000 0.0000
-4.5714 16.3126 -44.1519 0.0000 0.0000 0.0000
-4.5235 16.7608 -44.4239 0.0000 0.0000 0.0000
-4.2383 16.1747 -44.4948 0.0000 0.0000 0.0000
-4.4522 16.3117 -43.5614 0.0000 0.0000 0.0000
-4.5355 16.5455 -43.1798 0.0000 0.0000 0.0000
-4.1446 16.1316 -43.5064 0.0000 0.0000 0.0000
-4.4140 16.6945 -43.4136 0.0000 0.0000 0.0000
-4.6068 16.6125 -43.4334 0.0000 0.0000 0.0000
-4.4249 16.8779 -43.8961 0.0000 0.0000 0.0000
-4.5131 16.1178 -43.1241 0.0000 0.0000 0.0000
-4.4143 16.5975 -43.7418 0.0000 0.0000 0.0000
-4.1958 16.4457 -42.2398 0.0000 0.0000 0.0000
-4.7821 16.3189 -42.3422 0.0000 0.0000 0.0000
-4.4085 16.5904 -42.6118 0.0000 0.0000 0.0000
-4.7181 16.5533 -42.1334 0.0000 0.0000 0.0000
-4.3810 16.2420 -42.1371 0.0000 0.0000 0.0000
-4.1036 16.6124 -42.2411 0.0000 0.0000 0.0000
-4.2480 16.2434 -42.7661 0.0000 0.0000 0.0000
-4.3930 16.4130 -42.4594 0.0000 0.0000 0.0000
-4.3855 16.2126 -41.6121 0.0000 0.0000 0.0000
-4.5397 16.8199 -41.7241 0.0000 0.0000 0.0000
-4.8812 16.3615 -41.2737 0.0000 0.0000 0.0000
-4.1154 16.6806 -41.4412 0.0000 0.0000 0.0000
-4.7099 16.6578 -41.1254 0.0000 0.0000 0.0000
-4.1937 16.5834 -41.7397 0.0000 0.0000 0.0000
-4.4932 16.4165 -41.2300 0.0000 0.0000 0.0000
-4.7386 16.8503 -41.6452 0.0000 0.0000 0.0000
-4.6259 17.6930 -44.8492 0.0000 0.0000 0.0000
-4.6621 17.4804 -44.8953 0.0000 0.0000 0.0000
-4.4954 17.2581 -44.1923 0.0000 0.0000 0.0000
-4.6058 17.2967 -44.8418 0.0000 0.0000 0.0000
-4.3923 17.2238 -44.7596 0.0000 0.0000 0.0000
-4.5434 17.8369 -44.8324 0.0000 0.0000 0.0000
-4.6188 17.5192 -44.8061 0.0000 0.0000 0.0000
-4.6646 17.6836 -44.3124 0.0000 0.0000 0.0000
-4.3371 17.1159 -43.2513 0.0000 0.0000 0.0000
-4.1975 17.4403 -43.2344 0.0000 0.0000 0.0000
-4.7479 17.2337 -43.7090 0.0000 0.0000 0.0000
-4.3108 17.4494 -43.5778 0.0000 0.0000 0.0000
-4.6096 17.1890 -43.1537 0.0000 0.0000 0.0000
-4.3971 17.7271 -43.7160 0.0000 0.0000 0.0000
-4.2716 17.6145 -43.1438 0.0000 0.0000 0.0000
-4.3393 17.3693 -43.5678 0.0000 0.0000 0.0000
-4.8141 17.3050 -42.3424 0.0000 0.0000 0.0000
-4.4152 17.5837 -42.6535 0.0000 0.0000 0.0000
-4.6738 17.2008 -42.1374 0.0000 0.0000 0.0000
-4.5125 17.4894 -42.3165 0.0000 0.0000 0.0000
-4.4672 17.3476 -42.2786 0.0000 0.0000 0.0000
-4.8657 17.1323 -42.3910 0.0000 0.0000 0.0000
-4.4097 17.3924 -42.1500 0.0000 0.0000 0.0000
-4.8806 17.8427 -42.7345 0.0000 0.0000 0.0000
-4.2277 17.3759 -41.3804 0.0000 0.0000 0.0000
-4.7548 17.5302 -41.8813 0.0000 0.0000 0.0000
-4.1953 17.1112 -41.4067 0.0000 0.0000 0.0000
-4.5946 17.5126 -41.1785 0.0000 0.0000 0.0000
-4.7373 17.7848 -41.3731 0.0000 0.0000 0.0000
-4.5806 17.8407 -41.2000 0.0000 0.0000 0.0000
-4.1746 17.5501 -41.2142 0.0000 0.0000 0.0000
-4.7336 17.3909 -41.6954 0.0000 0.0000 0.0000
-4.1317 18.4269 -44.5449 0.0000 0.0000 0.0000
-4.8650 18.6452 -44.1025 0.0000 0.0000 0.0000
-4.7183 18.6961 -44.6076 0.0000 0.0000 0.0000
-4.4782 18.8947 -44.3207 0.0000 0.0000 0.0000
-4.3166 18.8934 -44.2631 0.0000 0.0000 0.0000
-4.3142 18.7557 -44.4607 0.0000 0.0000 0.0000
-4.6063 18.3502 -44.1074 0.0000 0.0000 0.0000
-4.8482 18.4170 -44.3021 0.0000 0.0000 0.0000
-4.7269 18.8499 -43.8298 0.0000 0.0000 0.0000
-4.4334 18.2955 -43.1876 0.0000 0.0000 0.0000
-4.8993 18.2438 -43.6460 0.0000 0.0000 0.0000
-4.2868 18.1902 -43.2385 0.0000 0.0000 0.0000
-4.4462 18.7083 -43.7765 0.0000 0.0000 0.0000
-4.4757 18.4207 -43.8486 0.0000 0.0000 0.0000
-4.3352 18.1485 -43.4273 0.0000 0.0000 0.0000
-4.3858 18.5519 -43.8329 0.0000 0.0000 0.0000
-4.2070 18.5183 -42.2586 0.0000 0.0000 0.0000
-4.6381 18.7151 -42.7787 0.0000 0.0000 0.0000
-4.2090 18.5418 -42.2608 0.0000 0.0000 0.0000
-4.4839 18.8645 -42.5748 0.0000 0.0000 0.0000
-4.3278 18.1349 -42.6404 0.0000 0.0000 0.0000
-4.2744 18.3000 -42.8018 0.0000 0.0000 0.0000
-4.4187 18.6730 -42.7570 0.0000 0.0000 0.0000
-4.2065 18.6829 -42.6932 0.0000 0.0000 0.0000
-4.4238 18.6541 -41.3035 0.0000 0.0000 0.0000
-4.1521 18.3771 -41.4793 0.0000 0.0000 0.0000
-4.4465 18.5011 -41.6028 0.0000 0.0000 0.0000
-4.1220 18.8794 -41.3859 0.0000 0.0000 0.0000
-4.8250 18.5810 -41.6204 0.0000 0.0000 0.0000
-4.1572 18.1158 -41.1595 0.0000 0.0000 0.0000
-4.3051 18.1957 -41.1995 0.0000 0.0000 0.0000
-4.1600 18.4407 -41.1564 0.0000 0.0000 0.0000
-3.7736 15.3317 -44.4266 0.0000 0.0000 0.0000
-3.2078 15.8792 -44.3321 0.0000 0.0000 0.0000
-3.5625 15.4041 -44.3079 0.0000 0.0000 0.0000
-3.4195 15.5330 -44.5557 0.0000 0.0000 0.0000
-3.6917 15.3750 -44.1924 0.0000 0.0000 0.0000
-3.2649 15.3077 -44.7377 0.0000 0.0000 0.0000
-3.3826 15.8440 -44.1872 0.0000 0.0000 0.0000
-3.8487 15.7700 -44.7522 0.0000 0.0000 0.0000
-3.1139 15.1923 -43.4401 0.0000 0.0000 0.0000
-3.5354 15.3255 -43.4140 0.0000 0.0000 0.0000
-3.4108 15.5965 -43.1280 0.0000 0.0000 0.0000
-3.3941 15.7866 -43.7952 0.0000 0.0000 0.0000
-3.8372 15.1291 -43.7397 0.0000 0.0000 0.0000
-3.6142 15.3250 -43.6049 0.0000 0.0000 0.0000
-3.2298 15.3460 -43.2848 0.0000 0.0000 0.0000
-3.1694 15.8080 -43.5185 0.0000 0.0000 0.0000
-3.6972 15.3849 -42.1545 0.0000 0.0000 0.0000
-3.8354 15.8890 -42.2246 0.0000 0.0000 0.0000
-3.3090 15.8230 -42.3252 0.0000 0.0000 0.0000
-3.7515 15.1214 -42.5811 0.0000 0.0000 0.0000
-3.5138 15.6610 -42.5955 0.0000 0.0000 0.0000
-3.3858 15.1138 -42.1049 0.0000 0.0000 0.0000
-3.1915 15.7900 -42.1239 0.0000 0.0000 0.0000
-3.2334 15.7353 -42.2803 0.0000 0.0000 0.0000
-3.6100 15.8891 -41.1973 0.0000 0.0000 0.0000
-3.3553 15.7800 -41.8937 0.0000 0.0000 0.0000
-3.3461 15.1863 -41.5816 0.0000 0.0000 0.0000
-3.3868 15.3423 -41.3248 0.0000 0.0000 0.0000
-3.5908 15.8746 -41.2114 0.0000 0.0000 0.0000
-3.3519 15.4254 -41.4211 0.0000 0.0000 0.0000
-3.7430 15.2122 -41.7268 0.0000 0.0000 0.0000
-3.4040 15.7627 -41.6689 0.0000 0.0000 0.0000
-3.8368 16.6119 -44.6258 0.0000 0.0000 0.0000
-3.8847 16.1221 -44.5370 0.0000 0.0000 0.0000
-3.8698 16.2557 -44.7820 0.0000 0.0000 0.0000
-3.1197 16.4737 -44.4279 0.0000 0.0000 0.0000
-3.2278 16.3744 -44.4499 0.0000 0.0000 0.0000
-3.1891 16.7672 -44.2691 0.0000 0.0000 0.0000
-3.5969 16.1219 -44.3668 0.0000 0.0000 0.0000
-3.8533 16.2589 -44.7531 0.0000 0.0000 0.0000
-3.3120 16.7692 -43.3756 0.0000 0.0000 0.0000
-3.6930 16.1723 -43.3208 0.0000 0.0000 0.0000
-3.2165 16.1979 -43.5373 0.0000 0.0000 0.0000
-3.5434 16.8666 -43.5517 0.0000 0.0000 0.0000
-3.1069 16.8464 -43.5531 0.0000 0.0000 0.0000
-3.1790 16.3597 -43.4847 0.0000 0.0000 0.0000
-3.5510 16.2394 -43.5301 0.0000 0.0000 0.0000
-3.7562 16.7141 -43.4396 0.0000 0.0000 0.0000
-3.6623 16.6898 -42.1890 0.0000 0.0000 0.0000
-3.3816 16.5174 -42.1117 0.0000 0.0000 0.0000
-3.8842 16.5516 -42.3370 0.0000 0.0000 0.0000
-3.2943 16.8270 -42.7773 0.0000 0.0000 0.0000
-3.7623 16.2574 -42.7303 0.0000 0.0000 0.0000
-3.1461 16.1548 -42.4050 0.0000 0.0000 0.0000
-3.6061 16.1719 -42.8903 0.0000 0.0000 0.0000
-3.6419 16.3540 -42.2525 0.0000 0.0000 0.0000
-3.6834 16.7999 -41.1358 0.0000 0.0000 0.0000
-3.3740 16.7211 -41.1498 0.0000 0.0000 0.0000
-3.5653 16.7837 -41.6677 0.0000 0.0000 0.0000
-3.8860 16.1637 -41.3208 0.0000 0.0000 0.0000
-3.3440 16.2204 -41.3007 0.0000 0.0000 0.0000
-3.3763 16.1342 -41.7957 0.0000 0.0000 0.0000
-3.3858 16.4104 -41.3951 0.0000 0.0000 0.0000
-3.1070 16.6951 -41.6897 0.0000 0.0000 0.0000
-3.6888 17.1362 -44.1315 0.0000 0.0000 0.0000
-3.1840 17.3778 -44.7794 0.0000 0.0000 0.0000
-3.2599 17.7629 -44.3679 0.0000 0.0000 0.0000
-3.2322 17.6472 -44.4680 0.0000 0.0000 0.0000
-3.4684 17.7811 -44.4057 0.0000 0.0000 0.0000
-3.4758 17.3155 -44.4505 0.0000 0.0000 0.0000
-3.5295 17.3788 -44.4515 0.0000 0.0000 0.0000
-3.6483 17.3913 -44.4346 0.0000 0.0000 0.0000
-3.6360 17.2683 -43.8201 0.0000 0.0000 0.0000
-3.1361 17.6284 -43.6231 0.0000 0.0000 0.0000
-3.8361 17.1152 -43.7397 0.0000 0.0000 0.0000
-3.6304 17.5336 -43.3707 0.0000 0.0000 0.0000
-3.4399 17.3805 -43.2596 0.0000 0.0000 0.0000
-3.7580 17.5834 -43.1761 0.0000 0.0000 0.0000
-3.7274 17.7502 -43.7020 0.0000 0.0000 0.0000
-3.7679 17.8026 -43.7286 0.0000 0.0000 0.0000
-3.5834 17.4948 -42.4274 0.0000 0.0000 0.0000
-3.2778 17.1132 -42.1503 0.0000 0.0000 0.0000
-3.3278 17.8516 -42.2235 0.0000 0.0000 0.0000
-3.6103 17.6739 -42.4546 0.0000 0.0000 0.0000
-3.6717 17.2507 -42.7409 0.0000 0.0000 0.0000
-3.6241 17.4484 -42.4122 0.0000 0.0000 0.0000
-3.1486 17.4642 -42.7572 0.0000 0.0000 0.0000
-3.4724 17.2762 -42.8663 0.0000 0.0000 0.0000
-3.4904 17.7609 -41.2949 0.0000 0.0000 0.0000
-3.6308 17.5403 -41.7613 0.0000 0.0000 0.0000
-3.8292 17.7465 -41.8798 0.0000 0.0000 0.0000
-3.7176 17.2984 -41.7828 0.0000 0.0000 0.0000
-3.3224 17.1237 -41.1123 0.0000 0.0000 0.0000
-3.6828 17.8777 -41.8012 0.0000 0.0000 0.0000
-3.7190 17.4419 -41.3628 0.0000 0.0000 0.0000
-3.4505 17.3598 -41.3695 0.0000 0.0000 0.0000
-3.7690 18.5929 -44.5719 0.0000 0.0000 0.0000
-3.7898 18.5360 -44.4779 0.0000 0.0000 0.0000
-3.5117 18.2141 -44.6795 0.0000 0.0000 0.0000
-3.3618 18.4912 -44.2783 0.0000 0.0000 0.0000
-3.7912 18.7309 -44.1964 0.0000 0.0000 0.0000
-3.1783 18.8535 -44.4793 0.0000 0.0000 0.0000
-3.8443 18.3274 -44.8531 0.0000 0.0000 0.0000
-3.3676 18.4632 -44.2730 0.0000 0.0000 0.0000
-3.8140 18.5715 -43.2088 0.0000 0.0000 0.0000
-3.6039 18.6040 -43.6801 0.0000 0.0000 0.0000
-3.8401 18.4367 -43.4019 0.0000 0.0000 0.0000
-3.2602 18.2266 -43.3273 0.0000 0.0000 0.0000
-3.2051 18.4990 -43.7632 0.0000 0.0000 0.0000
-3.3071 18.8539 -43.5037 0.0000 0.0000 0.0000
-3.6282 18.6023 -43.1762 0.0000 0.0000 0.0000
-3.3927 18.5104 -43.2091 0.0000 0.0000 0.0000
-3.7274 18.2547 -42.7019 0.0000 0.0000 0.0000
-3.7426 18.5690 -42.4525 0.0000 0.0000 0.0000
-3.2660 18.7639 -42.3248 0.0000 0.0000 0.0000
-3.1065 18.1117 -42.3955 0.0000 0.0000 0.0000
-3.1411 18.7582 -42.6356 0.0000 0.0000 0.0000
-3.4402 18.3233 -42.6372 0.0000 0.0000 0.0000
-3.4638 18.7107 -42.2825 0.0000 0.0000 0.0000
-3.4595 18.2444 -42.7454 0.0000 0.0000 0.0000
-3.2059 18.6361 -41.5090 0.0000 0.0000 0.0000
-3.5050 18.4834 -41.2206 0.0000 0.0000 0.0000
-3.7752 18.4146 -41.8577 0.0000 0.0000 0.0000
-3.4717 18.7187 -41.6516 0.0000 0.0000 0.0000
-3.5474 18.5649 -41.4420 0.0000 0.0000 0.0000
-3.8584 18.4670 -41.8266 0.0000 0.0000 0.0000
-3.5769 18.7714 -41.2338 0.0000 0.0000 0.0000
-3.2120 18.2760 -41.7892 0.0000 0.0000 0.0000
-2.1633 15.6927 -44.5892 0.0000 0.0000 0.0000
-2.6952 15.7432 -44.8327 0.0000 0.0000 0.0000
-2.3086 15.4481 -44.6953 0.0000 0.0000 0.0000
-2.6137 15.1806 -44.8060 0.0000 0.0000 0.0000
-2.3302 15.7775 -44.4522 0.0000 0.0000 0.0000
-2.1426 15.2330 -44.8087 0.0000 0.0000 0.0000
-2.1165 15.2538 -44.8331 0.0000 0.0000 0.0000
-2.1491 15.5603 -44.3911 0.0000 0.0000 0.0000
-2.7771 15.2895 -43.2525 0.0000 0.0000 0.0000
-2.6629 15.4406 -43.3936 0.0000 0.0000 0.0000
-2.4073 15.7720 -43.8393 0.0000 0.0000 0.0000
-2.5472 15.5169 -43.7971 0.0000 0.0000 0.0000
-2.2132 15.3356 -43.4508 0.0000 0.0000 0.0000
-2.6484 15.4197 -43.7417 0.0000 0.0000 0.0000
-2.3825 15.8442 -43.2984 0.0000 0.0000 0.0000
-2.1069 15.7428 -43.6789 0.0000 0.0000 0.0000
-2.1506 15.5217 -42.3499 0.0000 0.0000 0.0000
-2.3731 15.6800 -42.1412 0.0000 0.0000 0.0000
-2.4497 15.3650 -42.2948 0.0000 0.0000 0.0000
-2.6478 15.8941 -42.2783 0.0000 0.0000 0.0000
-2.3203 15.8605 -42.5368 0.0000 0.0000 0.0000
-2.1674 15.8157 -42.7361 0.0000 0.0000 0.0000
-2.1120 15.4248 -42.1781 0.0000 0.0000 0.0000
-2.6860 15.7562 -42.2575 0.0000 0.0000 0.0000
-2.1416 15.7234 -41.3807 0.0000 0.0000 0.0000
-2.5457 15.6904 -41.8948 0.0000 0.0000 0.0000
-2.1629 15.7030 -41.3873 0.0000 0.0000 0.0000
-2.8292 15.5780 -41.5171 0.0000 0.0000 0.0000
-2.6369 15.4196 -41.8053 0.0000 0.0000 0.0000
-2.2314 15.8382 -41.1221 0.0000 0.0000 0.0000
-2.3786 15.5722 -41.4206 0.0000 0.0000 0.0000
-2.7532 15.2200 -41.8034 0.0000 0.0000 0.0000
-2.1283 16.6950 -44.4778 0.0000 0.0000 0.0000
-2.8905 16.2114 -44.5131 0.0000 0.0000 0.0000
-2.3237 16.7644 -44.1174 0.0000 0.0000 0.0000
-2.1028 16.2437 -44.1153 0.0000 0.0000 0.0000
-2.7804 16.1054 -44.6440 0.0000 0.0000 0.0000
-2.5255 16.7280 -44.5029 0.0000 0.0000 0.0000
-2.4869 16.3276 -44.4947 0.0000 0.0000 0.0000
-2.2841 16.1458 -44.1063 0.0000 0.0000 0.0000
-2.2738 16.6841 -43.4494 0.0000 0.0000 0.0000
-2.2689 16.7401 -43.3479 0.0000 0.0000 0.0000
-2.4364 16.3163 -43.1023 0.0000 0.0000 0.0000
-2.3430 16.4328 -43.8193 0.0000 0.0000 0.0000
-2.2820 16.1557 -43.5416 0.0000 0.0000 0.0000
-2.8231 16.7802 -43.8912 0.0000 0.0000 0.0000
-2.2476 16.6465 -43.8174 0.0000 0.0000 0.0000
-2.5851 16.5395 -43.5149 0.0000 0.0000 0.0000
-2.6842 16.6085 -42.5221 0.0000 0.0000 0.0000
-2.4720 16.1341 -42.5414 0.0000 0.0000 0.0000
-2.2280 16.4186 -42.8374 0.0000 0.0000 0.0000
-2.6410 16.7834 -42.4088 0.0000 0.0000 0.0000
-2.4701 16.5939 -42.1576 0.0000 0.0000 0.0000
-2.8235 16.7380 -42.6688 0.0000 0.0000 0.0000
-2.5885 16.7547 -42.1713 0.0000 0.0000 0.0000
-2.5199 16.5989 -42.1683 0.0000 0.0000 0.0000
-2.4516 16.1586 -41.5330 0.0000 0.0000 0.0000
-2.6782 16.5500 -41.6259 0.0000 0.0000 0.0000
-2.1495 16.4798 -41.1195 0.0000 0.0000 0.0000
-2.3427 16.1444 -41.3435 0.0000 0.0000 0.0000
-2.7165 16.1969 -41.2795 0.0000 0.0000 0.0000
-2.1176 16.1301 -41.7974 0.0000 0.0000 0.0000
-2.1113 16.2587 -41.5048 0.0000 0.0000 0.0000
-2.5169 16.5062 -41.2566 0.0000 0.0000 0.0000
-2.6237 17.5043 -44.6705 0.0000 0.0000 0.0000
-2.2496 17.7090 -44.7207 0.0000 0.0000 0.0000
-2.2658 17.8904 -44.6623 0.0000 0.0000 0.0000
-2.4718 17.4871 -44.3350 0.0000 0.0000 0.0000
-2.5109 17.6197 -44.5352 0.0000 0.0000 0.0000
-2.1519 17.1136 -44.4502 0.0000 0.0000 0.0000
-2.3485 17.7696 -44.5091 0.0000 0.0000 0.0000
-2.8098 17.7204 -44.8941 0.0000 0.0000 0.0000
-2.4281 17.6318 -43.1701 0.0000 0.0000 0.0000
-2.3600 17.6566 -43.2626 0.0000 0.0000 0.0000
-2.4135 17.7415 -43.4594 0.0000 0.0000 0.0000
-2.2655 17.7971 -43.5552 0.0000 0.0000 0.0000
-2.7535 17.3868 -43.1813 0.0000 0.0000 0.0000
-2.2642 17.6096 -43.2069 0.0000 0.0000 0.0000
-2.5515 17.3498 -43.8725 0.0000 0.0000 0.0000
-2.7780 17.4671 -43.4243 0.0000 0.0000 0.0000
-2.4310 17.2420 -42.4988 0.0000 0.0000 0.0000
-2.8827 17.5762 -42.4721 0.0000 0.0000 0.0000
-2.2205 17.8093 -42.5944 0.0000 0.0000 0.0000
-2.1382 17.2180 -42.6129 0.0000 0.0000 0.0000
-2.6715 17.2352 -42.7614 0.0000 0.0000 0.0000
-2.1744 17.8504 -42.6409 0.0000 0.0000 0.0000
-2.2408 17.4057 -42.7350 0.0000 0.0000 0.0000
-2.8220 17.8829 -42.2952 0.0000 0.0000 0.0000
-2.6749 17.4436 -41.5556 0.0000 0.0000 0.0000
-2.3834 17.5785 -41.1802 0.0000 0.0000 0.0000
-2.6410 17.6678 -41.3768 0.0000 0.0000 0.0000
-2.5238 17.6662 -41.7888 0.0000 0.0000 0.0000
-2.2506 17.6159 -41.4429 0.0000 0.0000 0.0000
-2.2224 17.6961 -41.7403 0.0000 0.0000 0.0000
-2.1488 17.3893 -41.2595 0.0000 0.0000 0.0000
-2.7407 17.5356 -41.4029 0.0000 0.0000 0.0000
-2.5541 18.2956 -44.5510 0.0000 0.0000 0.0000
-2.6387 18.2892 -44.2499 0.0000 0.0000 0.0000
-2.2466 18.7577 -44.5646 0.0000 0.0000 0.0000
-2.4947 18.3779 -44.1273 0.0000 0.0000 0.0000
-2.7272 18.5262 -44.3704 0.0000 0.0000 0.0000
-2.8539 18.1489 -44.7008 0.0000 0.0000 0.0000
-2.8675 18.3376 -44.1296 0.0000 0.0000 0.0000
-2.3080 18.3069 -44.1464 0.0000 0.0000 0.0000
-2.7129 18.4333 -43.7964 0.0000 0.0000 0.0000
-2.4189 18.8543 -43.1017 0.0000 0.0000 0.0000
-2.2841 18.2070 -43.8782 0.0000 0.0000 0.0000
-2.6812 18.4308 -43.3460 0.0000 0.0000 0.0000
-2.6590 18.1939 -43.1589 0.0000 0.0000 0.0000
-2.3871 18.4034 -43.7697 0.0000 0.0000 0.0000
-2.6045 18.1863 -43.8177 0.0000 0.0000 0.0000
-2.7437 18.3720 -43.5747 0.0000 0.0000 0.0000
-2.3870 18.1095 -42.2070 0.0000 0.0000 0.0000
-2.4052 18.7981 -42.2251 0.0000 0.0000 0.0000
-2.8353 18.8312 -42.1929 0.0000 0.0000 0.0000
-2.7091 18.6350 -42.4399 0.0000 0.0000 0.0000
-2.8274 18.6958 -42.6679 0.0000 0.0000 0.0000
-2.3032 18.1246 -42.5211 0.0000 0.0000 0.0000
-2.2132 18.2119 -42.3292 0.0000 0.0000 0.0000
-2.6100 18.1926 -42.3625 0.0000 0.0000 0.0000
-2.2077 18.4297 -41.1965 0.0000 0.0000 0.0000
-2.1085 18.3138 -41.5712 0.0000 0.0000 0.0000
-2.6903 18.2429 -41.7333 0.0000 0.0000 0.0000
-2.1247 18.1077 -41.4482 0.0000 0.0000 0.0000
-2.1479 18.3444 -41.2348 0.0000 0.0000 0.0000
-2.4321 18.3537 -41.7954 0.0000 0.0000 0.0000
-2.7879 18.2900 -41.3822 0.0000 0.0000 0.0000
-2.3197 18.3429 -41.1498 0.0000 0.0000 0.0000
-1.3479 15.3702 -44.3690 0.0000 0.0000 0.0000
-1.3821 15.8084 -44.1700 0.0000 0.0000 0.0000
-1.4209 15.5178 -44.3932 0.0000 0.0000 0.0000
-1.2304 15.1811 -44.4977 0.0000 0.0000 0.0000
-1.2346 15.5770 -44.3614 0.0000 0.0000 0.0000
-1.2886 15.1597 -44.6185 0.0000 0.0000 0.0000
-1.4301 15.4750 -44.6825 0.0000 0.0000 0.0000
-1.5102 15.8438 -44.1642 0.0000 0.0000 0.0000
-1.8308 15.2639 -43.7817 0.0000 0.0000 0.0000
-1.5827 15.7792 -43.4992 0.0000 0.0000 0.0000
-1.3110 15.2668 -43.4560 0.0000 0.0000 0.0000
-1.1309 15.6098 -43.8208 0.0000 0.0000 0.0000
-1.1602 15.6250 -43.2878 0.0000 0.0000 0.0000
-1.5480 15.6435 -43.6478 0.0000 0.0000 0.0000
-1.3472 15.3709 -43.1568 0.0000 0.0000 0.0000
-1.5824 15.3171 -43.5675 0.0000 0.0000 0.0000
-1.5189 15.7072 -42.2955 0.0000 0.0000 0.0000
-1.3719 15.2317 -42.3396 0.0000 0.0000 0.0000
-1.3039 15.2248 -42.3292 0.0000 0.0000 0.0000
-1.2710 15.1218 -42.6740 0.0000 0.0000 0.0000
-1.2131 15.4196 -42.5556 0.0000 0.0000 0.0000
-1.6372 15.1406 -42.1735 0.0000 0.0000 0.0000
-1.5086 15.5960 -42.6462 0.0000 0.0000 0.0000
-1.5976 15.2748 -42.7214 0.0000 0.0000 0.0000
-1.1811 15.1585 -41.6097 0.0000 0.0000 0.0000
-1.7087 15.1482 -41.1344 0.0000 0.0000 0.0000
-1.7608 15.3283 -41.3383 0.0000 0.0000 0.0000
-1.8286 15.7446 -41.1131 0.0000 0.0000 0.0000
-1.6997 15.6779 -41.2891 0.0000 0.0000 0.0000
-1.4190 15.8769 -41.2923 0.0000 0.0000 0.0000
-1.2605 15.8218 -41.5438 0.0000 0.0000 0.0000
-1.4427 15.3099 -41.2508 0.0000 0.0000 0.0000
-1.5150 16.5027 -44.4924 0.0000 0.0000 0.0000
-1.8616 16.5325 -44.1216 0.0000 0.0000 0.0000
-1.3898 16.8761 -44.4987 0.0000 0.0000 0.0000
-1.3491 16.5967 -44.3779 0.0000 0.0000 0.0000
-1.7206 16.2541 -44.2940 0.0000 0.0000 0.0000
-1.4845 16.3573 -44.6595 0.0000 0.0000 0.0000
-1.7968 16.4439 -44.1753 0.0000 0.0000 0.0000
-1.8555 16.6985 -44.3195 0.0000 0.0000 0.0000
-1.6750 16.5789 -43.6208 0.0000 0.0000 0.0000
-1.7471 16.6115 -43.8591 0.0000 0.0000 0.0000
-1.7595 16.8906 -43.6107 0.0000 0.0000 0.0000
-1.7453 16.4210 -43.1382 0.0000 0.0000 0.0000
-1.4603 16.3822 -43.3387 0.0000 0.0000 0.0000
-1.8166 16.4928 -43.1723 0.0000 0.0000 0.0000
-1.5162 16.3718 -43.7356 0.0000 0.0000 0.0000
-1.1026 16.2762 -43.4498 0.0000 0.0000 0.0000
-1.3422 16.1295 -42.8116 0.0000 0.0000 0.0000
-1.2221 16.6011 -42.1441 0.0000 0.0000 0.0000
-1.7513 16.2304 -42.6806 0.0000 0.0000 0.0000
-1.6224 16.4204 -42.3500 0.0000 0.0000 0.0000
-1.2821 16.7884 -42.5969 0.0000 0.0000 0.0000
-1.1180 16.7506 -42.4254 0.0000 0.0000 0.0000
-1.8227 16.2485 -42.4183 0.0000 0.0000 0.0000
-1.1530 16.3195 -42.1444 0.0000 0.0000 0.0000
-1.1535 16.4070 -41.5593 0.0000 0.0000 0.0000
-1.2975 16.8135 -41.5747 0.0000 0.0000 0.0000
-1.8338 16.4972 -41.4646 0.0000 0.0000 0.0000
-1.3616 16.8741 -41.2684 0.0000 0.0000 0.0000
-1.6539 16.7800 -41.1900 0.0000 0.0000 0.0000
-1.7149 16.7295 -41.2711 0.0000 0.0000 0.0000
-1.2100 16.6447 -41.1497 0.0000 0.0000 0.0000
-1.6804 16.6317 -41.2429 0.0000 0.0000 0.0000
-1.3102 17.6705 -44.1903 0.0000 0.0000 0.0000
-1.5642 17.2499 -44.3163 0.0000 0.0000 0.0000
-1.7587 17.2726 -44.2424 0.0000 0.0000 0.0000
-1.8691 17.7181 -44.7587 0.0000 0.0000 0.0000
-1.8524 17.6995 -44.3868 0.0000 0.0000 0.0000
-1.6882 17.8894 -44.1589 0.0000 0.0000 0.0000
-1.6824 17.8939 -44.2090 0.0000 0.0000 0.0000
-1.2855 17.7544 -44.6618 0.0000 0.0000 0.0000
-1.4778 17.2520 -43.1791 0.0000 0.0000 0.0000
-1.7199 17.8359 -43.1183 0.0000 0.0000 0.0000
-1.1697 17.3938 -43.8928 0.0000 0.0000 0.0000
-1.8784 17.7146 -43.8953 0.0000 0.0000 0.0000
-1.6515 17.4841 -43.8127 0.0000 0.0000 0.0000
-1.7207 17.4409 -43.1740 0.0000 0.0000 0.0000
-1.7365 17.2346 -43.7599 0.0000 0.0000 0.0000
-1.8352 17.2236 -43.8888 0.0000 0.0000 0.0000
-1.6792 17.6031 -42.4083 0.0000 0.0000 0.0000
-1.1903 17.6846 -42.4614 0.0000 0.0000 0.0000
-1.6146 17.3793 -42.1536 0.0000 0.0000 0.0000
-1.8974 17.4488 -42.6431 0.0000 0.0000 0.0000
-1.2861 17.8651 -42.7096 0.0000 0.0000 0.0000
-1.4155 17.7650 -42.5767 0.0000 0.0000 0.0000
-1.5981 17.8405 -42.8740 0.0000 0.0000 0.0000
-1.2215 17.6518 -42.8218 0.0000 0.0000 0.0000
-1.6332 17.8738 -41.8543 0.0000 0.0000 0.0000
-1.7867 17.4602 -41.7094 0.0000 0.0000 0.0000
-1.5892 17.5685 -41.8211 0.0000 0.0000 0.0000
-1.1856 17.3757 -41.2393 0.0000 0.0000 0.0000
-1.7765 17.3156 -41.4144 0.0000 0.0000 0.0000
-1.2378 17.6244 -41.5213 0.0000 0.0000 0.0000
-1.3334 17.6119 -41.3646 0.0000 0.0000 0.0000
-1.4899 17.7202 -41.2724 0.0000 0.0000 0.0000
-1.1747 18.8467 -44.4800 0.0000 0.0000 0.0000
-1.5593 18.7482 -44.6639 0.0000 0.0000 0.0000
-1.1796 18.6891 -44.2513 0.0000 0.0000 0.0000
-1.1262 18.3687 -44.3030 0.0000 0.0000 0.0000
-1.2075 18.7331 -44.6420 0.0000 0.0000 0.0000
-1.4850 18.1307 -44.6197 0.0000 0.0000 0.0000
-1.7195 18.6023 -44.1082 0.0000 0.0000 0.0000
-1.5038 18.7810 -44.1540 0.0000 0.0000 0.0000
-1.2462 18.2785 -43.5402 0.0000 0.0000 0.0000
-1.1170 18.6868 -43.1611 0.0000 0.0000 0.0000
-1.3489 18.8724 -43.4814 0.0000 0.0000 0.0000
-1.4472 18.1837 -43.7287 0.0000 0.0000 0.0000
-1.7801 18.7645 -43.2225 0.0000 0.0000 0.0000
-1.1153 18.7601 -43.4907 0.0000 0.0000 0.0000
-1.1379 18.2572 -43.3184 0.0000 0.0000 0.0000
-1.5353 18.1789 -43.7359 0.0000 0.0000 0.0000
-1.6610 18.7886 -42.2910 0.0000 0.0000 0.0000
-1.1235 18.1275 -42.1128 0.0000 0.0000 0.0000
-1.3541 18.8632 -42.8527 0.0000 0.0000 0.0000
-1.5721 18.8436 -42.8464 0.0000 0.0000 0.0000
-1.3436 18.6253 -42.1939 0.0000 0.0000 0.0000
-1.3819 18.8838 -42.3476 0.0000 0.0000 0.0000
-1.7922 18.7552 -42.5296 0.0000 0.0000 0.0000
-1.8561 18.1332 -42.7324 0.0000 0.0000 0.0000
-1.8295 18.8381 -41.3727 0.0000 0.0000 0.0000
-1.3004 18.4132 -41.8622 0.0000 0.0000 0.0000
-1.2869 18.5291 -41.5701 0.0000 0.0000 0.0000
-1.2422 18.3156 -41.5270 0.0000 0.0000 0.0000
-1.5012 18.4765 -41.5923 0.0000 0.0000 0.0000
-1.3694 18.7087 -41.2000 0.0000 0.0000 0.0000
-1.1198 18.5970 -41.6210 0.0000 0.0000 0.0000
-1.2440 18.7698 -41.5951 0.0000 0.0000 0.0000
